Running numpy/scripts/m1.py
[[OUT]]
[[1 0]
 [0 1]]
[1 1 1]
[[END OF FILE]]
Running numpy/scripts/m2.py
[[START OF FILE]]
[1 1 1]
[[1 0 0]
 [0 1 0]
 [0 0 1]]
[1 1 1]
[[1 1 1]
 [1 1 1]
 [1 1 1]]
[2 2 2]
[[2 2 2]
 [2 2 2]
 [2 2 2]]
[2 2 2]
[[2 2 2]
 [2 2 2]
 [2 2 2]]
[2 2 2]
[[2 2 2]
 [2 2 2]
 [2 2 2]]
[0 1 2]
[0 1 2]
[0 1 2]
[0 1 2]
[0 0 0 0 0 0 0 0 0 0 0 0 0 0 0 0 0 0 0 0 0 0 0 0 0 0 0 0 0 0 0 0 0 0 0 0 0 0 0 0 0 0 0 0 0 0 0 0 0 0 0 0 0 0 0 0 0 0 0 0 0 0 0 0 0 0 0 0 0 0 0 0 0 0 0 0 0 0 0 0 0 0 0 0 0 0 0 0 0 0 0 0 0 0 0 0 0 0 0 0 0 0 0 0 0 0 0 0 0 0 0 0 0 0 0 0 0 0 0 0 0 0 0 0 0 0 0 0 0 0 0 0 0 0 0 0 0 0 0 0 0 0 0 0 0 0 0 0 0 0 0 0 0 0 0 0 0 0 0 0 0 0 0 0 0 0 0 0 0 0 0 0 0 0 0 0 0 0 0 0 0 0 0 0 0 0 0 0 0 0 0 0 0 0 0 0 0 0 0 0 0 0 0 0 0 0 0 0 0 0 0 0 0 0 0 0 0 0 0 0 0 0 0 0 0 0 0 0 0 0 0 0 0 0 0 0 0 0 0 0 0 0 0 0 0 0 0 0 0 0 0 0 0 0 0 0 0 0 0 0 0 0 0 0 0 0 0 0 0 0 0 0 0 0 0 0 0 0 0 0 0 0 0 0 0 0 0 0 0 0 0 0 0 0 0 0 0 0 0 0 0 0 0 0 0 0 0 0 0 0 0 0 0 0 0 0 0 0 0 0 0 0 0 0 0 0 0 0 0 0 0 0 0 0 0 0 0 0 0 0 0 0 0 0 0 0 0 0 0 0 0 0 0 0 0 0 0 0 0 0 0 0 0 0 0 0 0 0 0 0 0 0 0 0 0 0 0 0 0 0 0 0 0 0 0 0 0 0 0 0 0 0 0 0 0 0 0 0 0 0 0 0 0 0 0 0 0 0 0 0 0 0 0 0 0 0 0 0 0 0 0 0 0 0 0 0 0 0 0 0 0 0 0 0 0 0 0 0 0 0 0 0 0 0 0 0 0 0 0 0 0 0 0 0 0 0 0 0 0 0 0 0 0 0 0 0 0 0 0 0 0 0 0 0 0 0 0 0 0 0 0 0 0 0 0 0 0 0 0 0 0 0 0 0 0 0 0 0 0 0 0 0 0 0 0 0 0 0 0 0 0 0 0 0 0 0 0 0 0 0 0 0 0 0 0 0 0 0 0 0 0 0 0 0 0 0 0 0 0 0 0 0 0 0 0 0 0 0 0 0 0 0 0 0 0 0 0 0 0 0 0 0 0 0 0 0 0 0 0 0 0 0 0 0 0 0 0 0 0 0 0 0 0 0 0 0 0 0 0 0 0 0 0 0 0 0 0 0 0 0 0 0 0 0 0 0 0 0 0 0 0 0 0 0 0 0 0 0 0 0 0 0 0 0 0 0 0 0 0 0 0 0 0 0 0 0 0 0 0 0 0 0 0 0 0 0 0 0 0 0 0 0 0 0 0 0 0 0 0 0 0 0 0 0 0 0 0 0 0 0 0 0 0 0 0 0 0 0 0 0 0 0 0 0 0 0 0 0 0 0 0 0 0 0 0 0 0 0 0 0 0 0 0 0 0 0 0 0 0 0 0 0 0 0 0 0 0 0 0 0 0 0 0 0 0 0 0 0 0 0 0 0 0 0 0 0 0 0 0 0 0 0 0 0 0 0 0 0 0 0 0 0 0 0 0 0 0 0 0 0 0 0 0 0 0 0 0 0 0 0 0 0 0 0 0 0 0 0 0 0 0 0 0 0 0 0 0 0 0 0 0 0 0 0 0 0 0 0 0 0 0 0 0 0 0 0 0 0 0 0 0 0 0 0 0 0 0 0 0 0 0 0 0 0 0 0 0 0 0 0 0 0 0 0 0 0 0 0 0 0 0 0 0 0 0 0 0 0 0 0 0 0 0 0 0 0 0 0 0 0 0 0 0 0 0 0 0 0 0 0 0 0 0 0 0 0 0 0 0 0 0 0 0 0 0 0 0 0 0 0 0 0 0 0 0 0 0 0 0 0 0 0 0 0 0 0 0 0 0 0 0 0 0 0 0 0 0 0 0 0 0 0 0 0 0 0 0 0 0 0 0 0 0 0 0 0 0 
Running numpy/scripts/m3.py
None
Running numpy/scripts/m4.py
None
Running numpy/scripts/m5.py
None
--------------------------------
Running sklearn/scripts/m1.py
[[150  85  25]
[ 35  22   8]
[  8  11  10]
[  0   3   1]
[  0   1   0]
[  0   0   0]
[  0   0   0]
[  0   0   0]
[  0   0   0]
[  0   0   0]
[  0   0   0]
[  0   0   0]
[  0   0   0]
[  0   0   0]
[  0   0   0]
[  0   0   0]
[  0   0   0]
[  0   0   0]
[  0   0   0]
[  0   0   0]
[  0   0   0]
[  0   0   0]
[  0   0   0]
[  0   0   0]
[  0   0   0]
[  0   0   0]
[  0   0   0]
[  0   0   0]
[  0   0   0]
[  0   0   0]
[  0   0   0]
[  0   0   0]
[  0   0   0]
[  0   0   0]
[  0   0   0]
[  0   0   0]
[  0   0   0]
[  0   0   0]
[  0   0   0]
[  0   0   0]
[  0   0   0]
[  0   0   0]
[  0   0   0]
[  0   0   0]
[  0   0   0]
[  0   0   0]
[  0   0   0]
[  0   0   0]
[  0   0   0]
[  0   0   0]
[  0   0   0]
[  0   0   0]
[  0   0   0]
[  0   0   0]
[  0   0   0]
[  0   0   0]
[  0   0   0]
[  0   0   0]
[  0   0   0]
[  0   0   0]
[  0   0   0]
[  0   0   0]
[  0   0   0]
[  0   0   0]
[  0   0   0]
[  0   0   0]
[  0   0   0]
[  0   0   0]
[  0   0   0]
[  0   0   0]
[  0   0   0]
[  0   0   0]
[  0   0   0]
[  0   0   0]
[  0   0   0]
[  0   0   0]
[  0   0   0]
[  0   0   0]
[  0   0   0]
[  0   0   0]
[  0   0   0]
[  0   0   0]
[  0   0   0]
[  0   0   0]
[  0   0   0]
[  0   0   0]
[  0   0   0]
[  0   0   0]
[  0   0   0]
[  0   0   0]
[  0   0   0]
[  0   0   0]
[  0   0   0]
[  0   0   0]
[  0   0   0]
[  0   0   0]
[  0   0   0]
[  0   0   0]
[  0   0   0]
[  0   0   0]
[  0   0   0]
[  0   0   0]
[  0   0   0]
[  0   0   0]
[  0   0   0]
[  0   0   0]
[  0   0   0]
[  0   0   0]
[  0   0   0]
[  0   0   0]
[  0   0   0]
[  0   0   0]
[  0   0   0]
[  0   0   0]
[  0   0   0]
[  0   0   0]
[  0   0   0]
[  0   0   0]
[  0   0   0]
[  0   0   0]
[  0   0   0]
[  0   0   0]
[  0   0   0]
[  0   0   0]
[  0   0   0]
[  0   0   0]
[  0   0   0]
[  0   0   0]
[  0   0   0]
[  0   0   0]
[  0   0   0]
[  0   0   0]
[  0   0   0]
[  0   0   0]
[  0   0   0]
[  0   0   0]
[  0   0   0]
[  0   0   0]
[  0   0   0]
[  0   0   0]
[  0   0   0]
[  0   0   0]
[  0   0   0]
[  0   0   0]
[  0   0   0]
[  0   0   0]
[  0   0   0]
[  0   0   0]
[  0   0   0]
[  0   0   0]
[  0   0   0]
[  0   0   0]
[  0   0   0]
[  0   0   0]
[  0   0   0]
[  0   0   0]
[  0   0   0]
[  0   0   0]
[  0   0   0]
[  0   0   0]
[  0   0   0]
[  0   0   0]
[  0   0   0]
[  0   0   0]
[  0   0   0]
[  0   0   0]
[  0   0   0]
[  0   0   0]
[  0   0   0]
[  0   0   0]
[  0   0   0]
[  0   0   0]
[  0   0   0]
[  0   0   0]
[  0   0   0]
[  0   0   0]
[  0   0   0]
[  0   0   0]
[  0   0   0]
[  0   0   0]
[  0   0   0]
[  0   0   0]
[  0   0   0]
[  0   0   0]
[  0   0   0]
[  0   0   0]
[  0  
Running sklearn/scripts/m2.py
['sepal length (cm)', 'sepal width (cm)', 'petal length (cm)', 'petal width (cm)']
['setosa', 'versicolor', 'virginica']
Running sklearn/scripts/m3.py
1500
300
500
600
Running sklearn/scripts/m4.py
0.0
Running sklearn/scripts/m5.py
None
--------------------------------
Running sql/scripts/m1.py
Hello from sql!
[]
Running sql/scripts/m2.py
Hello from sql!
[('Star Wars', 1977, 8.6), ('The Empire Strikes Back', 1980, 8.7), ('Return of the Jedi', 1983, 8.3)]
Running sql/scripts/m3.py
Hello from sql!
[('The Empire Strikes Back', 1980, 8.7), ('Return of the Jedi', 1983, 8.3)]
Running sql/scripts/m4.py
Hello from sql!
[('Return of the Jedi', 1983, 9.0)]
Running sql/scripts/m5.py
Hello from sql!
[('The Dark Knight', 2008, 9.0, 'Christopher Nolan'), ('Star Wars', 1977, 8.6, None), ('The Empire Strikes Back', 1980, 8.7, None), ('Return of the Jedi', 1983, 8.3, None)]
--------------------------------
Running restapi/scripts/m1.py
{
  "message": "Hello World"
}
Running restapi/scripts/m2.py
{"item_id": 1}
Running restapi/scripts/m3.py
{"item": {"name": "item1"}}
Running restapi/scripts/m4.py
{"item_id": 1, "item": {"name": "item1"}}
Running restapi/scripts/m5.py
HTTP/1.1 200 OK
Content-Type: application/json
Content-Length: 12

{"item_id": 1}
